4500.0 	 6000.0 	 50 	 50 	 25 	 20 	 663414.6753798822 	 2346474.6741513005 	 577373.2382013982 	 4658.436906614825 	 0.0 
4500.0 	 6000.0 	 50 	 50 	 25 	 20 	 663414.6753798822 	 2346474.6741513005 	 577373.2382013982 	 4658.436906614825 	 0.0 
4400.0 	 6000.0 	 50 	 50 	 25 	 20 	 665080.2846828554 	 2411627.6148401545 	 567242.8243208762 	 4689.008232807744 	 0.0 
4700.0 	 6000.0 	 50 	 50 	 25 	 20 	 660232.5920961148 	 2206491.986475808 	 600146.8489863575 	 2448.3630662644896 	 0.015226654187231783 
4600.0 	 6000.0 	 50 	 50 	 25 	 20 	 661685.91321347 	 2276652.1775332973 	 588378.6609268069 	 4584.30268184055 	 0.0 
4650.0 	 6000.0 	 50 	 50 	 25 	 20 	 660840.0306607479 	 2244105.6244748025 	 593784.5444837413 	 4558.49367789571 	 0.0 
4500.0 	 6000.0 	 50 	 50 	 30 	 20 	 667245.9052053222 	 2086415.5557829367 	 565647.1574251625 	 2985.4091808500552 	 0.0 
4500.0 	 6000.0 	 50 	 50 	 22 	 20 	 664095.866244786 	 2579498.0358104156 	 585582.3449513217 	 4444.729199646167 	 0.0 
4500.0 	 6000.0 	 50 	 50 	 20 	 20 	 664244.060616379 	 2763175.057018045 	 591286.8803819335 	 4307.260814210006 	 0.0 
4500.0 	 6000.0 	 50 	 50 	 18 	 20 	 662127.3527394359 	 3009624.0124665378 	 592994.9469794278 	 4265.280068044974 	 0.0 
4500.0 	 6000.0 	 50 	 50 	 15 	 20 	 619988.0640603326 	 3176595.909230042 	 596630.2409189994 	 2770.437657623018 	 0.0 
4500.0 	 6000.0 	 50 	 50 	 15 	 20 	 619988.0640603326 	 3176595.909230042 	 596630.2409189994 	 2770.437657623018 	 0.0 
4500.0 	 6000.0 	 50 	 50 	 10 	 20 	 473494.5106462436 	 2992988.444757426 	 604915.2363881561 	 913.4146675343261 	 0.0 
4500.0 	 6000.0 	 50 	 50 	 10 	 20 	 473494.5106462436 	 2992988.444757426 	 604915.2363881561 	 913.4146675343261 	 0.0 
4500.0 	 6000.0 	 50 	 50 	 30 	 20 	 667245.9052053222 	 2086415.5557829367 	 565647.1574251625 	 2985.4091808500552 	 0.0 
4500.0 	 6000.0 	 50 	 50 	 10 	 20 	 473494.5106462436 	 2992988.444757426 	 604915.2363881561 	 913.4146675343261 	 0.0 
4000.0 	 6000.0 	 50 	 50 	 20 	 20 	 660466.7910496314 	 2972945.1449276074 	 542438.2515961793 	 17418.23921324371 	 0.054083009715060235 
4000.0 	 6000.0 	 50 	 50 	 18 	 20 	 648926.0638064815 	 3034453.077517466 	 562899.741930051 	 25339.974447216908 	 0.09313990153110031 
4500.0 	 6000.0 	 50 	 50 	 25 	 20 	 663414.6753798822 	 2346474.6741513005 	 577373.2382013982 	 4658.436906614825 	 0.0 
4600.0 	 6000.0 	 50 	 50 	 25 	 20 	 661685.91321347 	 2276652.1775332973 	 588378.6609268069 	 4584.30268184055 	 0.0 
4200.0 	 6000.0 	 50 	 50 	 25 	 20 	 668190.4638413643 	 2514667.8814977338 	 550765.6969336575 	 4754.760192793024 	 0.0 
4000.0 	 6000.0 	 50 	 50 	 25 	 20 	 672808.1431669228 	 2671934.6172111155 	 527718.0842589351 	 4847.2863143371915 	 0.0 
4000.0 	 50 	 50 	 25 	 20 	 618165.1788291174 	 2254264.9881485435 	 548450.6720113419 	 4749.193295464966 	 0.5960299269334624 	 0.412462449010715 	 0.0 
4000.0 	 50 	 50 	 25 	 20 	 618165.1788291174 	 2254264.9881485435 	 548450.6720113419 	 4749.193295464966 	 0.5960299269334624 	 0.412462449010715 	 0.0 
4000.0 	 6000.0 	 50 	 50 	 25 	 20 	 672808.1431669228 	 2671934.6172111155 	 527718.0842589351 	 4847.2863143371915 	 0.0 
4000.0 	 6000.0 	 50 	 50 	 25 	 20 	 672808.1431669228 	 2671934.6172111155 	 527718.0842589351 	 4847.2863143371915 	 0.0 
4000.0 	 50 	 50 	 25 	 20 	 589264.9442489181 	 2035875.8642829647 	 573240.9265879642 	 11937.810117437242 	 1.2655592076980646 	 0.4604740976447357 	 0.054212125185377665 
4000.0 	 50 	 50 	 25 	 20 	 589264.9442489181 	 2035875.8642829647 	 573240.9265879642 	 11937.810117437242 	 1.2655592076980646 	 0.4604740976447357 	 2449489.742783178 
4000.0 	 6000.0 	 50 	 50 	 25 	 20 	 672808.1431669228 	 2671934.6172111155 	 527718.0842589351 	 4847.2863143371915 	 0.0 
4000.0 	 6000.0 	 50 	 50 	 25 	 20 	 672808.1431669228 	 2671934.6172111155 	 527718.0842589351 	 4847.2863143371915 	 0.0 
50 	 50 	 25 	 20 	 615618.3560256993 	 2017399.7530436737 	 596651.0456651975 	 4007.8723507208656 	 1.2598660479829553 	 0.49803679989162053 	 0.0 
4000.0 	 6000.0 	 50 	 50 	 25 	 20 	 672808.1431669228 	 2671934.6172111155 	 527718.0842589351 	 4847.2863143371915 	 0.0 
50 	 50 	 25 	 20 	 615618.3560256993 	 2017399.7530436737 	 596651.0456651975 	 4007.8723507208656 	 1.2598660479829553 	 0.49803679989162053 	 0.0 
4000.0 	 6000.0 	 50 	 50 	 25 	 20 	 672808.1431669228 	 2671934.6172111155 	 527718.0842589351 	 4847.2863143371915 	 0.0 
4000.0 	 6000.0 	 50 	 50 	 25 	 20 	 672808.1431669228 	 2671934.6172111155 	 527718.0842589351 	 4847.2863143371915 	 0.0 
50 	 50 	 25 	 20 	 615618.3560256993 	 2017399.7530436737 	 596651.0456651975 	 4007.8723507208656 	 1.2598660479829553 	 0.49803679989162053 	 0.0 
