Q_cond 	 N_LP 	 N_HP 	 z_LP 	 z_HP 	 p_3 	 p_5 	 h_3 	 p_10 	 p_8 	 mdot_wf_bottom 	 mdot_wf_top 	 mdot_LT 	 mdot_MT 	 mdot_HT 	 p_1    h_1 Sum of residuals 	 time 
25000.00 	 38.00 	 38.00 	 13.50 	 20.00 	 1864621.08 	 4589345.08 	 718948.80 	 609272.53 	 1868298.40	 0.0300 	 0.0695 	 0.4082 	 0.3932 	 0.1482 	 607498.08 	 597040.24	 0.00 	 31.50
25000.00 	 42.00 	 38.00 	 13.50 	 20.00 	 1859426.54 	 4516005.60 	 724981.60 	 558765.43 	 1862385.94	 0.0299 	 0.0688 	 0.4067 	 0.3838 	 0.1482 	 557687.84 	 599013.40	 0.00 	 28.76
25000.00 	 34.00 	 38.00 	 13.50 	 20.00 	 1844032.33 	 4584559.14 	 720383.11 	 623474.64 	 1846041.95	 0.0290 	 0.0688 	 0.3919 	 0.3959 	 0.1475 	 637786.03 	 594203.35	 0.09 	 213.64
25000.00 	 38.00 	 42.00 	 13.50 	 20.00 	 1707081.66 	 4458774.42 	 721794.30 	 594048.04 	 1709119.84	 0.0295 	 0.0689 	 0.3972 	 0.3917 	 0.1482 	 592682.68 	 597650.24	 0.00 	 29.97
25000.00 	 38.00 	 34.00 	 13.50 	 20.00 	 1959770.89 	 4603414.87 	 718538.47 	 606428.44 	 1895111.85	 0.0297 	 0.0690 	 0.4081 	 0.3830 	 0.1447 	 606542.88 	 594625.76	 0.13 	 198.49
25000.00 	 38.00 	 38.00 	 16.50 	 20.00 	 1859714.66 	 4442005.64 	 723853.18 	 624663.13 	 1852180.41	 0.0330 	 0.0707 	 0.4270 	 0.3593 	 0.1492 	 642312.35 	 598193.60	 0.27 	 164.47
25000.00 	 38.00 	 38.00 	 10.50 	 20.00 	 1803889.13 	 4744493.27 	 706888.96 	 591203.12 	 1841030.28	 0.0305 	 0.0723 	 0.4268 	 0.4131 	 0.1482 	 578933.52 	 586875.69	 0.57 	 83.90
25000.00 	 38.00 	 38.00 	 13.50 	 23.00 	 1913727.79 	 4546440.92 	 708331.01 	 607849.97 	 1897221.55	 0.0295 	 0.0748 	 0.3957 	 0.3915 	 0.1479 	 606365.22 	 595773.64	 0.05 	 208.45
25000.00 	 38.00 	 38.00 	 13.50 	 17.00 	 1827271.97 	 4915949.14 	 726528.80 	 622048.23 	 1824569.97	 0.0312 	 0.0657 	 0.4258 	 0.3503 	 0.1472 	 622213.47 	 592632.04	 0.04 	 240.50
25000.00 	 46.00 	 38.00 	 13.50 	 20.00 	 1859792.60 	 4459556.13 	 731001.37 	 517104.15 	 1863241.66	 0.0298 	 0.0682 	 0.4051 	 0.3730 	 0.1482 	 516249.76 	 600660.44	 0.00 	 34.92
25000.00 	 30.00 	 38.00 	 13.50 	 20.00 	 1832068.30 	 4571708.26 	 722574.67 	 627431.14 	 1839483.18	 0.0281 	 0.0680 	 0.3757 	 0.3962 	 0.1478 	 664161.62 	 601169.65	 0.26 	 231.64
25000.00 	 38.00 	 46.00 	 13.50 	 20.00 	 1580511.66 	 4378039.86 	 724222.83 	 585185.25 	 1582566.89	 0.0292 	 0.0685 	 0.3874 	 0.3848 	 0.1482 	 583907.18 	 597979.62	 0.00 	 31.79
25000.00 	 38.00 	 30.00 	 13.50 	 20.00 	 2064587.64 	 4540229.76 	 726178.37 	 594652.99 	 1900061.27	 0.0286 	 0.0663 	 0.3718 	 0.3332 	 0.1412 	 594052.15 	 607397.91	 0.33 	 246.67
25000.00 	 38.00 	 38.00 	 19.50 	 20.00 	 1858961.00 	 4444106.56 	 723716.60 	 624318.56 	 1852088.04	 0.0330 	 0.0707 	 0.4271 	 0.3600 	 0.1492 	 641730.99 	 602622.82	 0.41 	 110.99
25000.00 	 38.00 	 38.00 	 7.50 	 20.00 	 2030216.00 	 9321493.14 	 629469.58 	 476214.02 	 1903525.49	 0.0199 	 0.0805 	 0.3020 	 0.2826 	 0.1465 	 470661.62 	 585249.75	 0.56 	 306.42
25000.00 	 38.00 	 38.00 	 13.50 	 26.00 	 1951578.97 	 4468295.69 	 709517.73 	 598519.88 	 1898784.68	 0.0284 	 0.0783 	 0.3609 	 0.3975 	 0.1470 	 597232.85 	 603341.63	 0.13 	 236.14
25000.00 	 38.00 	 38.00 	 13.50 	 14.00 	 1808039.16 	 5264848.03 	 749361.45 	 625359.29 	 1772773.30	 0.0314 	 0.0590 	 0.4206 	 0.2938 	 0.1482 	 635918.40 	 600741.94	 0.24 	 321.85
25000.00 	 50.00 	 38.00 	 13.50 	 20.00 	 1860765.39 	 4414492.54 	 737123.90 	 483514.18 	 1864145.83	 0.0297 	 0.0676 	 0.4028 	 0.3624 	 0.1482 	 482648.91 	 601877.85	 0.00 	 29.41
25000.00 	 26.00 	 38.00 	 13.50 	 20.00 	 1832068.30 	 4571708.26 	 722574.67 	 627431.14 	 1839483.18	 0.0281 	 0.0680 	 0.3757 	 0.3962 	 0.1478 	 664161.62 	 601169.65	 0.42 	 125.86
25000.00 	 38.00 	 50.00 	 13.50 	 20.00 	 1469156.56 	 4308339.20 	 725960.92 	 575574.52 	 1471217.35	 0.0288 	 0.0681 	 0.3777 	 0.3776 	 0.1482 	 574425.97 	 598352.72	 0.00 	 33.45
25000.00 	 38.00 	 26.00 	 13.50 	 20.00 	 2225096.12 	 4457886.47 	 742455.97 	 588963.61 	 1900745.78	 0.0274 	 0.0633 	 0.3521 	 0.3505 	 0.1384 	 587576.24 	 610887.62	 0.51 	 276.07
25000.00 	 38.00 	 38.00 	 22.50 	 20.00 	 1858961.00 	 4444106.56 	 723716.60 	 624318.56 	 1852088.04	 0.0330 	 0.0707 	 0.4271 	 0.3600 	 0.1492 	 641730.99 	 602622.82	 0.51 	 83.84
25000.00 	 38.00 	 38.00 	 4.50 	 20.00 	 2070774.32 	 11819646.55 	 611982.57 	 475663.18 	 1905558.18	 0.0176 	 0.0826 	 0.2985 	 0.2932 	 0.1488 	 466387.72 	 569863.69	 1.50 	 355.84
25000.00 	 38.00 	 38.00 	 13.50 	 29.00 	 1957992.35 	 4469716.96 	 708607.88 	 595453.71 	 1900125.90	 0.0282 	 0.0783 	 0.3574 	 0.3883 	 0.1471 	 596843.29 	 605772.06	 0.26 	 132.27
25000.00 	 38.00 	 38.00 	 13.50 	 11.00 	 1882800.89 	 6976606.91 	 736591.54 	 616135.46 	 1872390.67	 0.0364 	 0.0575 	 0.3793 	 0.2189 	 0.1483 	 629898.70 	 453171.59	 0.24 	 1103.77
25000.00 	 54.00 	 38.00 	 13.50 	 20.00 	 1871706.93 	 4443184.43 	 732736.19 	 474927.25 	 1879898.29	 0.0305 	 0.0686 	 0.4161 	 0.3650 	 0.1479 	 468147.49 	 598258.90	 0.07 	 117.44
25000.00 	 22.00 	 38.00 	 13.50 	 20.00 	 1798756.12 	 4595227.99 	 723644.85 	 625491.38 	 1819610.86	 0.0256 	 0.0667 	 0.3476 	 0.4058 	 0.1477 	 733652.30 	 603991.11	 0.58 	 279.68
25000.00 	 38.00 	 54.00 	 13.50 	 20.00 	 1390154.95 	 4296236.47 	 720691.09 	 573001.50 	 1391546.66	 0.0292 	 0.0689 	 0.3786 	 0.3805 	 0.1486 	 572107.42 	 595395.62	 0.04 	 159.15
25000.00 	 38.00 	 22.00 	 13.50 	 20.00 	 2432897.26 	 4467121.43 	 739588.86 	 589692.66 	 1903216.57	 0.0268 	 0.0622 	 0.3453 	 0.3201 	 0.1348 	 588518.97 	 613473.25	 0.70 	 223.95
25000.00 	 38.00 	 38.00 	 25.50 	 20.00 	 1858961.00 	 4444106.56 	 723716.60 	 624318.56 	 1852088.04	 0.0330 	 0.0707 	 0.4271 	 0.3600 	 0.1492 	 641730.99 	 602622.82	 0.58 	 79.15
25000.00 	 38.00 	 38.00 	 1.50 	 20.00 	 2070774.32 	 11819646.55 	 611982.57 	 475663.18 	 1905558.18	 0.0176 	 0.0826 	 0.2985 	 0.2932 	 0.1488 	 466387.72 	 569863.69	 5.09 	 126.81
25000.00 	 38.00 	 38.00 	 13.50 	 32.00 	 1995324.75 	 4475234.41 	 703316.59 	 579111.34 	 1906648.77	 0.0272 	 0.0789 	 0.3359 	 0.3370 	 0.1474 	 593687.56 	 618708.06	 0.50 	 113.69
25000.00 	 38.00 	 38.00 	 13.50 	 8.00 	 1828447.47 	 7468999.08 	 770137.45 	 614072.72 	 1821591.24	 0.0367 	 0.0478 	 0.4092 	 0.1160 	 0.1483 	 630674.92 	 462088.46	 0.42 	 978.50
25000.00 	 58.00 	 38.00 	 13.50 	 20.00 	 1872080.39 	 4440687.97 	 733030.03 	 474265.92 	 1879003.63	 0.0305 	 0.0686 	 0.4157 	 0.3646 	 0.1479 	 467259.09 	 598527.49	 0.14 	 136.17
25000.00 	 18.00 	 38.00 	 13.50 	 20.00 	 1799858.49 	 4602059.53 	 723075.94 	 627576.59 	 1821779.22	 0.0257 	 0.0668 	 0.3488 	 0.4061 	 0.1477 	 735397.25 	 602153.21	 0.84 	 125.54
25000.00 	 38.00 	 58.00 	 13.50 	 20.00 	 1320263.06 	 4293596.13 	 714950.12 	 570299.03 	 1322129.88	 0.0294 	 0.0696 	 0.3791 	 0.3876 	 0.1488 	 569249.93 	 593775.31	 0.08 	 162.29
25000.00 	 38.00 	 18.00 	 13.50 	 20.00 	 2710538.64 	 4501697.22 	 748206.92 	 571587.50 	 1904781.55	 0.0250 	 0.0588 	 0.3037 	 0.3196 	 0.1300 	 572679.53 	 625867.78	 0.97 	 237.37
25000.00 	 38.00 	 38.00 	 28.50 	 20.00 	 1858961.00 	 4444106.56 	 723716.60 	 624318.56 	 1852088.04	 0.0330 	 0.0707 	 0.4271 	 0.3600 	 0.1492 	 641730.99 	 602622.82	 0.64 	 76.32
25000.00 	 38.00 	 38.00 	 -1.50 	 20.00 	 2070774.32 	 11819646.55 	 611982.57 	 475663.18 	 1905558.18	 0.0176 	 0.0826 	 0.2985 	 0.2932 	 0.1488 	 466387.72 	 569863.69	 7.09 	 131.30
25000.00 	 38.00 	 38.00 	 13.50 	 35.00 	 2000716.27 	 4475536.72 	 702595.53 	 576931.06 	 1907521.97	 0.0271 	 0.0790 	 0.3329 	 0.3308 	 0.1474 	 593192.39 	 620463.84	 0.60 	 92.74
25000.00 	 38.00 	 38.00 	 13.50 	 5.00 	 1843947.99 	 8770814.00 	 780506.76 	 614739.96 	 1753745.00	 0.0380 	 0.0468 	 0.4222 	 0.0984 	 0.1483 	 641221.86 	 465114.65	 0.88 	 906.10
