Variable 	 T_1 	 T_2    T_3 	 T_5 	 T_7 	 T_8 	 T_9    T_10 	 T_3_evap 	 T_3_comp 	 T_2_prime 	 T_4_prime 	 T_6_prime	 p_1 	 p_2    p_3 	 p_5 	 p_7 	 p_8 	 p_9    p_10 	 p_3_evap 	 p_3_comp 	 p_2_prime 	 p_4_prime 	 p_6_prime 	 mdot_wf_top	 mdot_wf_bottom delta_mdot_wf 	 mdot_LT 	 mdot_MT 	 mdot_HT 	 Q_LT 	 Q_MT 	 Q_HT 	 P_comp_top 	 P_comp_bottom 	 COP 	 alpha
N_LP 	 0.00	0.01	0.05	0.02	0.01	-0.01	0.01	-0.10	0.00	0.12	0.00	0.00	-0.00 	 -0.84	-0.87	-0.03	-0.15	-0.15	-0.04	-0.15	-0.84	-0.03	-0.03	0.00	0.09	-0.00 	 -0.11	-0.04	-0.14	-0.03	-0.17	-0.00 	 -0.03	-0.18	-0.01 	 -0.10	0.29 	 -0.03 	 -0.06
N_HP 	 0.01	0.02	-0.01	0.05	0.02	-0.08	0.02	-0.02	0.03	-0.05	0.00	-0.00	0.00 	 -0.20	-0.20	-0.70	-0.23	-0.22	-0.53	-0.22	-0.20	-0.51	-0.70	0.00	0.27	-0.00 	 -0.06	-0.13	-0.02	-0.16	0.11	0.09 	 -0.18	0.17	0.13 	 0.74	-0.13 	 -0.32 	 0.14
z_LP 	 0.01	0.03	0.13	-0.01	0.03	-0.00	0.04	0.12	0.10	-0.10	0.00	-0.00	-0.00 	 0.99	0.98	-0.03	-0.76	-0.75	-0.03	-0.75	0.99	-0.03	-0.03	-0.01	0.09	-0.00 	 -0.05	1.26	-0.68	1.09	-0.60	-0.00 	 1.09	-0.53	-0.00 	 -0.50	1.10 	 -0.03 	 -0.66
z_HP 	 -0.00	0.03	-0.07	-0.12	0.03	0.02	0.02	-0.01	-0.06	0.06	0.00	-0.00	0.00 	 -0.10	-0.10	0.15	-0.33	-0.32	0.14	-0.32	-0.10	0.13	0.15	0.00	-0.14	-0.00 	 0.47	-0.21	0.79	-0.27	0.27	0.01 	 -0.28	0.28	0.02 	 -0.23	-0.15 	 0.22 	 0.22

N_LP 	 -0.03	-0.00	-0.04	-0.02	-0.00	0.00	-0.01	-0.08	-0.06	0.10	0.00	0.00	0.00 	 -0.65	-0.67	0.03	0.08	0.08	0.03	0.08	-0.65	0.03	0.03	0.00	0.06	0.00 	 0.11	0.19	0.28	-0.40	-0.01 	 0.27	-0.42	0.00 	 0.06	0.48 	 -0.20 	 -0.29
N_HP 	 0.01	0.04	-0.01	0.05	0.03	-0.09	0.03	-0.02	0.02	-0.05	0.00	-0.00	0.00 	 -0.17	-0.18	-0.76	-0.25	-0.24	-0.66	-0.24	-0.17	-0.65	-0.76	0.00	0.21	-0.00 	 -0.06	-0.07	-0.16	0.02	0.05 	 -0.16	0.02	0.07 	 0.79	-0.07 	 -0.44 	 0.07
z_LP 	 0.01	0.04	0.08	-0.02	0.05	0.00	0.04	0.12	0.00	-0.08	0.00	0.00	-0.00 	 0.99	0.99	0.03	-0.51	-0.50	0.01	-0.51	0.98	0.01	0.03	-0.03	0.10	-0.00 	 0.08	1.24	1.06	-0.81	-0.01 	 1.05	-0.83	-0.02 	 -0.30	1.06 	 -0.18 	 -0.83
z_HP 	 -0.01	0.03	-0.08	-0.13	0.03	0.01	0.02	-0.01	-0.06	0.05	0.00	-0.00	-0.00 	 -0.07	-0.07	0.14	-0.33	-0.32	0.10	-0.32	-0.07	0.09	0.14	0.00	-0.11	0.00 	 0.48	-0.17	-0.23	0.26	-0.01 	 -0.23	0.26	-0.01 	 -0.22	-0.11 	 0.18 	 0.20
