Variable 	 T_1 	 T_2    T_3 	 T_5 	 T_7 	 T_8 	 T_9    T_10 	 T_3_evap 	 T_3_comp 	 T_2_prime 	 T_4_prime 	 T_6_prime	 p_1 	 p_2    p_3 	 p_5 	 p_7 	 p_8 	 p_9    p_10 	 p_3_evap 	 p_3_comp 	 p_2_prime 	 p_4_prime 	 p_6_prime 	 mdot_wf_top	 mdot_wf_bottom 	 delta_mdot_wf  mdot_LT 	 mdot_MT 	 mdot_HT 	 Q_LT 	 Q_MT 	 Q_HT 	 P_comp_top 	 P_comp_bottom 	 COP 	 alpha
N_LP 	 0.00	-0.00	0.05	0.03	-0.00	0.01	0.01	-0.10	-0.00	0.12	0.00	0.00	-0.00 	 -0.80	-0.83	0.04	-0.04	-0.04	0.04	-0.04	-0.80	0.04	0.04	0.00	-0.03	-0.00 	 -0.01	-0.00	-0.02	0.07	-0.00	0.13 	 0.03	-0.02   0.10 	 -0.00	0.31 	 -0.00 	 -0.02
N_HP 	 0.01	0.02	0.02	0.07	0.02	-0.08	0.03	-0.02	0.01	-0.05	-0.00	-0.00	0.01 	 -0.15	-0.16	-0.68	-0.20	-0.20	-0.54	-0.20	-0.16	-0.53	-0.68	0.00	0.29	-0.00 	 -0.03	-0.04	-0.02	-0.13	0.05	0.16 	 -0.11	0.08    0.21 	 0.82	-0.04 	 -0.33 	 0.08
z_LP 	 0.02	0.00	0.01	-0.01	0.01	0.01	0.02	0.06	-0.01	-0.04	-0.00	0.00	0.00 	 0.46	0.46	0.09	-0.04	-0.04	0.08	-0.04	0.46	0.07	0.09	-0.01	-0.02	-0.00 	 0.16	0.62	-0.07	0.50	-0.18	0.11 	 0.54	-0.19   0.12 	 0.02	0.54 	 -0.07 	 -0.29
z_HP 	 -0.00	0.07	-0.02	-0.11	0.06	0.00	0.05	-0.03	-0.00	0.09	0.00	-0.00	0.00 	 -0.21	-0.20	0.02	-0.61	-0.59	0.02	-0.59	-0.21	0.02	0.02	0.01	-0.00	0.00 	 0.23	-0.38	0.53	-0.52	-0.00	-0.25 	 -0.54	0.05    -0.24 	 -0.47	-0.26 	 0.16 	 0.23

N_LP 	 -0.02	0.00	0.00	-0.00	0.01	-0.07	-0.00	0.10	-0.00	-0.00	0.00 	 -0.63	0.07	0.04	0.04	0.08	-0.60	0.08	0.07	0.00	-0.07	-0.00 	 0.08	0.19	0.26	0.00	0.07 	 0.26	0.01	0.09 	 0.04	0.47 	 -0.09 	 -0.10
N_HP 	 0.01	0.01	0.07	0.03	-0.09	-0.02	0.01	-0.05	-0.00	0.00	0.00 	 -0.18	-0.74	-0.21	-0.21	-0.66	-0.18	-0.65	-0.74	0.00	0.20	-0.00 	 -0.03	-0.07	-0.16	0.03	0.13 	 -0.16	0.03	0.15 	 0.85	-0.06 	 -0.40 	 0.07
z_LP 	 0.03	0.01	-0.01	0.01	0.01	0.06	-0.01	-0.05	-0.00	0.00	0.00 	 0.50	0.10	-0.04	-0.04	0.08	0.50	0.08	0.10	-0.01	-0.02	-0.00 	 0.17	0.67	0.54	-0.19	0.12 	 0.58	-0.20	0.13 	 0.02	0.59 	 -0.08 	 -0.32
z_HP 	 -0.06	-0.07	-0.14	0.05	0.01	-0.01	-0.03	0.06	-0.00	-0.00	0.00 	 -0.14	0.02	-0.51	-0.50	0.08	-0.08	0.07	0.02	0.00	-0.06	0.00 	 0.34	-0.20	-0.29	0.06	-0.21 	 -0.22	0.10	-0.19 	 -0.38	-0.11 	 0.10 	 0.13

